753
752
759
759
804
799
764
765
759
757
758
758
777
811
781
763
763
757
758
765
759
805
795
774
770
763
761
761
732
772
796
789
760
763
757
756
757
754
781
801
764
766
751
757
754
756
762
812
802
759
765
756
758
758
758
785
818
777
759
763
756
766
758
763
806
809
770
768
763
753
759
706
763
816
775
758
762
753
754
756
756
805
792
760
764
757
759
754
752
787
810
773
764
762
756
760
754
762
811
795
765
768
760
810
745
808
762
819
784
771
771
763
761
750
708
798
798
752
765
757
753
757
754
783
811
768
770
756
753
774
749
761
819
789
761
762
756
754
756
768
770
820
781
782
748
760
760
794
745
777
796
772
770
781
754
760
714
756
806
797
757
762
690
745
757
756
773
809
769
761
764
751
758
758
761
816
792
759
764
756
756
765
748
790
884
758
764
761
756
759
758
759
804
810
765
748
742
758
756
757
