6 0 2 0 1 0 0 0 2 0 0 0 0 3 
2 3 2 3 3 4 4 4 3 4 4 4 4 4 
4 2 0 2 0 0 0 2 0 1 0 0 0 3 
3 2 3 2 3 3 3 2 3 3 4 4 4 4 

4 2 0 2 0 1 0 0 0 0 0 2 0 3 
3 2 3 2 3 3 4 4 4 4 4 3 4 4 
6 0 0 0 2 0 2 0 1 0 0 0 0 3 
2 3 3 3 2 3 2 3 3 4 4 4 4 4 

4 0 1 0 1 0 2 0 2 0 1 0 1 0 0 1 0 1 0 1 0 0 1 0 0 0 2 0 2 0 0 0 0 0 0 0 0 1 0 1 
0 1 1 2 2 3 2 3 2 3 2 2 1 1 1 1 2 2 3 2 2 1 0 1 2 3 2 3 2 3 2 1 1 2 3 2 1 0 1 2 
7 1 1 2 0 11 
11 7 4 3 6 8 

5 0 0 0 1 0 1 0 2 0 1 0 2 0 2 0 2 0 2 0 2 0 2 0 2 0 2 0 2 0 2 0 2 0 2 0 1 0 1 0 0 0 0 1 0 1 0 2 0 2 0 2 0 2 0 2 0 2 0 2 0 2 0 0 0 0 1 0 0 0 1 0 2 0 2 0 2 0 2 0 2 0 2 0 2 0 2 0 1 0 1 0 1 0 1 0 0 1 0 1 
0 1 1 1 1 2 2 3 2 3 3 4 3 4 3 4 3 4 3 4 3 4 3 4 3 4 3 4 3 4 3 4 3 4 3 4 3 3 2 2 1 1 2 2 3 3 4 3 4 3 4 3 4 3 4 3 4 3 4 3 4 3 4 3 2 1 0 1 2 3 3 4 3 4 3 4 3 4 3 4 3 4 3 4 3 4 3 4 3 3 2 2 1 1 0 1 2 2 3 3 
38 2 0 1 1 1 0 35 
11 8 8 7 7 8 11 14 

8 0 2 0 2 0 1 0 1 0 0 0 0 0 0 0 0 0 2 4 
3 4 3 4 3 4 4 5 5 6 6 6 6 6 6 6 6 6 5 6 
6 0 0 2 0 2 0 2 0 2 0 1 0 1 0 0 0 0 0 4 
4 4 4 3 4 3 4 3 4 3 4 4 5 5 6 6 6 6 6 6 

3 0 1 0 1 0 1 0 1 0 1 0 1 0 0 1 0 1 0 1 
3 4 4 5 4 4 3 3 2 2 1 1 0 1 2 2 3 3 4 4 
9 1 0 0 0 0 0 1 0 1 
1 0 1 2 3 4 5 6 8 9 

5 0 1 0 1 0 0 0 0 0 0 0 0 0 1 0 2 0 2 0 
6 7 7 8 8 9 9 9 8 7 6 5 4 3 2 2 2 5 6 9 
6 0 0 0 0 0 0 0 0 0 0 0 0 1 0 1 0 1 0 3 
4 4 4 4 4 4 4 3 2 1 0 0 1 2 4 5 6 6 7 7 

3 0 2 0 1 0 2 0 2 0 2 0 2 0 2 0 2 0 2 0 2 0 2 0 2 0 2 0 2 0 2 0 2 0 2 0 2 0 2 0 2 0 2 0 2 0 2 0 2 0 2 0 2 0 2 0 2 0 2 0 2 0 2 0 2 0 2 0 2 0 2 0 1 0 0 0 0 1 0 2 0 2 0 2 0 2 0 2 0 2 0 2 0 2 0 1 0 0 0 1 
1 2 1 2 2 3 2 3 2 3 2 3 2 3 2 3 2 3 2 3 2 3 2 3 2 3 2 3 2 3 2 3 2 3 2 3 2 3 2 3 2 3 2 3 2 3 2 3 2 3 2 3 2 3 2 3 2 3 2 3 2 3 2 3 2 3 2 3 2 3 2 3 2 2 1 1 2 2 3 2 3 2 3 2 3 2 3 2 3 2 3 2 3 2 3 2 2 1 1 2 
47 1 0 0 0 44 
3 2 2 2 3 5 

3 0 2 0 1 0 2 0 2 0 1 0 0 1 0 1 0 1 0 2 0 2 0 2 0 2 0 2 0 2 0 2 0 2 0 2 0 2 0 2 0 2 0 2 0 2 0 2 0 1 0 0 1 0 0 0 2 0 2 0 2 0 2 0 2 0 2 0 2 0 2 0 2 0 2 0 2 0 2 0 2 0 2 0 2 0 2 0 2 0 2 0 2 0 2 0 2 0 2 0 
1 2 1 2 2 3 2 3 2 3 2 2 1 0 1 1 2 2 3 2 3 2 3 2 3 2 3 2 3 2 3 2 3 2 3 2 3 2 3 2 3 2 3 2 3 2 3 2 3 2 2 1 0 1 2 3 2 3 2 3 2 3 2 3 2 3 2 3 2 3 2 3 2 3 2 3 2 3 2 3 2 3 2 3 2 3 2 3 2 3 2 3 2 3 2 3 2 3 2 3 
43 1 1 0 1 44 
6 4 3 3 3 5 

7 0 1 0 1 0 1 0 1 0 1 0 1 0 2 1 
1 1 1 2 2 3 3 4 4 5 5 6 6 7 6 7 
7 0 0 1 0 1 0 1 0 1 0 1 0 1 0 3 
1 1 1 1 2 2 3 3 4 4 5 5 6 6 7 6 

4 0 1 1 0 1 0 0 1 1 1 1 1 2 
1 2 2 2 3 3 4 4 3 3 3 3 3 3 
5 1 1 0 1 0 1 0 5 
2 1 1 2 2 3 2 2 2 

4 0 0 1 0 1 0 0 0 0 1 0 1 0 
1 2 3 3 4 4 4 3 2 1 0 1 2 4 
2 1 0 1 1 0 1 0 2 
4 2 1 0 1 3 4 5 5 

1 0 0 1 0 0 0 0 2 0 0 0 0 1 1 0
3 2 1 0 1 2 3 4 3 4 3 2 1 0 1 3
3 0 0 0 2 0 0 1
5 5 4 2 0 2 4 6
