220
284
1184
1210
2620
2924
5020
5564
6232
6368
10744
10856
12285
12496
14264
14288
14316
14536
14595
15472
17296
17716
18416
19116
19916
22744
22976
31704
45946
47616
48976
63020
66928
66992
67095
69615
71145
76084
79750
83328
87633
88730
97946
100485
122265
122368
122410
123152
124155
139815
141664
142310
152990
153176
168730
171856
176272
176336
177792
180848
185368
196724
202444
203432
243760
274924
275444
280540
285778
294896
295488
308620
319550
356408
358336
365084
366556
376736
381028
389924
399592
418904
430402
437456
455344
469028
486178
503056
514736
522405
525915
589786
600392
609928
624184
629072
635624
643336
652664
667964
669688
686072
691256
712216
726104
783556
796696
802725
863835
879712
898216
901424
947835
980984
998104
1043096
1077890
1099390
1125765
1154450
1156870
1175265
1185376
1189150
1264460
1280565
1286744
1292570
1305184
1328470
1340235
1358595
1392368
1438983
1464592
1466150
1468324
1483850
1486845
1511930
1547860
1598470
1669910
1727636
1747930
1749212
1798875
1870245
2062570
2082464
2090656
2115324
2236570
2429030
2652728
2723792
2728726
2739704
2784580
2797612
2802416
2803580
2874064
2928136
2941672
2947216
3077354
3265940
3276856
3317740
3370604
3606850
3649556
3707572
3716164
3721544
3786904
3805264
3892670
4006736
4238984
4246130
4259750
4300136
4314616
4445050
4482765
4488910
4532710
4604776
4938136
5120595
5123090
5147032
5162744
5232010
5357625
5385310
5423384
5459176
5495264
5504056
5504110
5684679
5726072
5730615
5753864
5799542
5812130
5843048
5864660
6088905
6135962
6329416
6369928
6371384
6377175
6680025
6955216
6993610
7158710
7169104
7275532
7288930
7418864
7471508
7489112
7489324
7520432
7538660
7577350
7674088
7677248
7684672
7800544
7850512
7916696
8052488
8221598
8262136
8292568
8369864
8493050
8619765
8666860
8754130
8826070